1;140
2;1
3;2
4;3
5;4
6;5
7;6
8;7
9;8
10;9
11;10
12;11
13;12
14;13
15;14
16;15
17;16
18;17
19;18
20;19
21;20
22;21
23;22
24;23
25;24
26;25
27;26
28;27
29;28
30;29
31;30
32;31
33;32
34;33
35;34
36;35
37;36
38;37
39;38
40;39
41;40
42;41
43;42
44;43
45;44
46;45
47;46
48;47
49;48
50;49
51;50
52;51
53;52
54;53
55;54
56;55
57;56
58;57
59;58
60;59
61;60
62;61
63;62
64;63
65;64
66;65
67;66
68;67
69;68
70;69
71;70
72;71
73;72
74;73
75;74
76;75
77;76
78;77
79;78
80;79
81;80
82;81
83;82
84;83
85;84
86;85
87;86
88;87
89;88
90;89
91;90
92;91
93;92
94;93
95;94
96;95
97;96
98;97
99;98
100;99
101;100
102;101
103;102
104;103
105;104
106;105
107;106
108;107
109;108
110;109
111;110
112;111
113;112
114;113
115;114
116;115
117;116
118;117
119;118
120;119
121;120
122;121
123;122
124;123
125;124
126;125
127;126
128;127
129;128
130;129
131;130
132;131
133;132
134;133
135;134
136;135
137;136
138;137
139;138
140;139
141;140
142;141
143;142
144;143
145;144
146;145
147;146
148;147
149;148
150;149
151;150
152;151
153;152
154;153
155;154
156;155
157;156
158;157
159;158
160;159
161;160
162;161
163;162
164;163
165;164
166;165
167;166
168;167
169;168
170;169
171;170
172;171
173;172
174;173
175;174
176;175
177;176
178;177
179;178
180;179
181;180
182;181
183;182
184;183
185;184
186;185
187;186
188;187
189;188
190;189
191;190
192;191
193;192
194;193
195;194
196;195
197;196
198;197
199;198
200;199
201;200
202;201
203;202
204;203
205;204
206;205
207;206
208;207
209;208
210;209
211;210
212;211
213;212
214;213
215;214
216;215
217;216
218;217
219;218
220;219
221;220
222;221
223;222
224;223
225;224
226;225
227;226
228;227
229;228
230;229
231;230
232;231
233;232
234;233
235;234
236;235
237;236
238;237
239;238
240;239
241;240
242;241
243;242
244;243
245;244
246;245
247;246
248;247
249;248
250;249
251;250
252;251
253;252
254;253
255;254
256;255
257;0
258;1
259;2
260;3
261;4
262;5
263;6
264;7
265;8
266;9
267;10
268;11
269;12
270;13
271;14
272;15
273;16
274;17
275;18
276;19
277;20
278;21
279;22
280;23
281;24
282;25
283;26
284;27
285;28
286;29
287;30
288;31
289;32
290;33
291;34
292;35
293;36
294;37
295;38
296;39
297;40
298;41
299;42
300;43
301;44
302;45
303;46
304;47
305;48
306;49
307;50
308;51
309;52
310;53
311;54
312;55
313;56
314;57
315;58
316;59
317;60
318;61
319;62
320;63
321;64
322;65
323;66
324;67
325;68
326;69
327;70
328;71
329;72
330;73
331;74
332;75
333;76
334;77
335;78
336;79
337;80
338;81
339;82
340;83
341;84
342;85
343;86
344;87
345;88
346;89
347;90
348;91
349;92
350;93
351;94
352;95
353;96
354;97
355;98
356;99
357;100
358;101
359;102
360;103
361;104
362;105
363;106
364;107
365;108
366;109
367;110
368;111
369;112
370;113
371;114
372;115
373;116
374;117
375;118
376;119
377;120
378;121
379;122
380;123
381;124
382;125
383;126
384;127
385;128
386;129
387;130
388;131
389;132
390;133
391;134
392;135
393;136
394;137
395;138
396;139
397;140
398;141
399;142
400;143
401;144
402;145
403;146
404;147
405;148
406;149
407;150
408;151
409;152
410;153
411;154
412;155
413;156
414;157
415;158
416;159
417;160
418;161
419;162
420;163
421;164
422;165
423;166
424;167
425;168
426;169
427;170
428;171
429;172
430;173
431;174
432;175
433;176
434;177
435;178
436;179
437;180
438;181
439;182
440;183
441;184
442;185
443;186
444;187
445;188
446;189
447;190
448;191
449;192
450;193
451;194
452;195
453;196
454;197
455;198
456;199
457;200
458;201
459;202
460;203
461;204
462;205
463;206
464;207
465;208
466;209
467;210
468;211
469;212
470;213
471;214
472;215
473;216
474;217
475;218
476;219
477;220
478;221
479;222
480;223
481;224
482;225
483;226
484;227
485;228
486;229
487;230
488;231
489;232
490;233
491;234
492;235
493;236
494;237
495;238
496;239
497;240
498;241
499;242
500;243
501;244
502;245
503;246
504;247
505;248
506;249
507;250
508;251
509;252
510;253
511;254
512;255
513;0
514;1
515;2
516;3
517;4
518;5
519;6
520;7
521;8
522;9
523;10
524;11
525;12
526;13
527;14
528;15
529;16
530;17
531;18
532;19
533;20
534;21
535;22
536;23
537;24
538;25
539;26
540;27
541;28
542;29
543;30
544;31
545;32
546;33
547;34
548;35
549;36
550;37
551;38
552;39
553;40
554;41
555;42
556;43
557;44
558;45
559;46
560;47
561;48
562;49
563;50
564;51
565;52
566;53
567;54
568;55
569;56
570;57
571;58
572;59
573;60
574;61
575;62
576;63
577;64
578;65
579;66
580;67
581;68
582;69
583;70
584;71
585;72
586;73
587;74
588;75
589;76
590;77
591;78
592;79
593;80
594;81
595;82
596;83
597;84
598;85
599;86
600;87
601;88
602;89
603;90
604;91
605;92
606;93
607;94
608;95
609;96
610;97
611;98
612;99
613;100
614;101
615;102
616;103
617;104
618;105
619;106
620;107
621;108
622;109
623;110
624;111
625;112
626;113
627;114
628;115
629;116
630;117
631;118
632;119
633;120
634;121
635;122
636;123
637;124
638;125
639;126
640;127
641;128
642;129
643;130
644;131
645;132
646;133
647;134
648;135
649;136
650;137
651;138
652;139
653;140
654;141
655;142
656;143
657;144
658;145
659;146
660;147
661;148
662;149
663;150
664;151
665;152
666;153
667;154
668;155
669;156
670;157
671;158
672;159
673;160
674;161
675;162
676;163
677;164
678;165
679;166
680;167
681;168
682;169
683;170
684;171
685;172
686;173
687;174
688;175
689;176
690;177
691;178
692;179
693;180
694;181
695;182
696;183
697;184
698;185
699;186
700;187
701;188
702;189
703;190
704;191
705;192
706;193
707;194
708;195
709;196
710;197
711;198
712;199
713;200
714;201
715;202
716;203
717;204
718;205
719;206
720;207
721;208
722;209
723;210
724;211
725;212
726;213
727;214
728;215
729;216
730;217
731;218
732;219
733;220
734;221
735;222
736;223
737;224
738;225
739;226
740;227
741;228
742;229
743;230
744;231
745;232
746;233
747;234
748;235
749;236
750;237
751;238
752;239
753;240
754;241
755;242
756;243
757;244
758;245
759;246
760;247
761;248
762;249
763;250
764;251
765;252
766;253
767;254
768;255
769;0
770;1
771;2
772;3
773;4
774;5
775;6
776;7
777;8
778;9
779;10
780;11
781;12
782;13
783;14
784;15
785;16
786;17
787;18
788;19
789;20
790;21
791;22
792;23
793;24
794;25
795;26
796;27
797;28
798;29
799;30
800;31
801;32
802;33
803;34
804;35
805;36
806;37
807;38
808;39
809;40
810;41
811;42
812;43
813;44
814;45
815;46
816;47
817;48
818;49
819;50
820;51
821;52
822;53
823;54
824;55
825;56
826;57
827;58
828;59
829;60
830;61
831;62
832;63
833;64
834;65
835;66
836;67
837;68
838;69
839;70
840;71
841;72
842;73
843;74
844;75
845;76
846;77
847;78
848;79
849;80
850;81
851;82
852;83
853;84
854;85
855;86
856;87
857;88
858;89
859;90
860;91
861;92
862;93
863;94
864;95
865;96
866;97
867;98
868;99
869;100
870;101
871;102
872;103
873;104
874;105
875;106
876;107
877;108
878;109
879;110
880;111
881;112
882;113
883;114
884;115
885;116
886;117
887;118
888;119
889;120
890;121
891;122
892;123
893;124
894;125
895;126
896;127
897;128
898;129
899;130
900;131
901;132
902;133
903;134
904;135
905;136
906;137
907;138
908;139
909;140
910;141
911;142
912;143
913;144
914;145
915;146
916;147
917;148
918;149
919;150
920;151
921;152
922;153
923;154
924;155
925;156
926;157
927;158
928;159
929;160
930;161
931;162
932;163
933;164
934;165
935;166
936;167
937;168
938;169
939;170
940;171
941;172
942;173
943;174
944;175
945;176
946;177
947;178
948;179
949;180
950;181
951;182
952;183
953;184
954;185
955;186
956;187
957;188
958;189
959;190
960;191
961;192
962;193
963;194
964;195
965;196
966;197
967;198
968;199
969;200
970;201
971;202
972;203
973;204
974;205
975;206
976;207
977;208
978;209
979;210
980;211
981;212
982;213
983;214
984;215
985;216
986;217
987;218
988;219
989;220
990;221
991;222
992;223
993;224
994;225
995;226
996;227
997;228
998;229
999;230
1000;231
1001;232
1002;233
1003;234
1004;235
1005;236
1006;237
1007;238
1008;239
1009;240
1010;241
1011;242
1012;243
1013;244
1014;245
1015;246
1016;247
1017;248
1018;249
1019;250
1020;251
1021;252
1022;253
1023;254
